#include <iostream>
using namespace std;



int main() {
	setlocale(0, "");

	int num;
	const int SIZE = 15;
	const int SIZE2 = 20;
	const int SIZE3 = 30;
	int maze[SIZE][SIZE] = {
		{1,1,1,1,1,0,1,1,1,1,1,1,1,1,1},
		{1,1,1,1,1,0,1,1,1,1,1,1,1,1,1},
		{1,1,1,1,1,0,1,1,1,1,1,1,1,1,1},
		{1,1,1,1,1,0,0,1,1,1,1,1,1,1,1},
		{1,1,1,1,1,1,0,1,1,1,1,1,1,1,1},
		{1,1,1,1,1,1,0,0,0,1,1,1,1,1,1},
		{1,1,1,1,1,1,1,1,0,0,0,0,1,1,1},
		{1,1,1,1,1,1,1,1,0,1,1,0,1,1,1},
		{1,1,1,1,1,1,1,1,0,1,1,1,1,1,1},
		{1,1,1,0,0,0,0,0,0,1,1,1,1,1,1},
		{1,1,1,1,1,1,1,0,1,1,1,1,1,1,1},
		{1,1,1,1,1,1,1,0,0,0,1,1,1,1,1},
		{1,1,1,1,1,1,1,1,1,0,1,1,1,1,1},
		{1,1,1,1,1,1,1,1,1,0,0,1,1,1,1},
		{1,1,1,1,1,1,1,1,1,1,0,1,1,1,1}
	};
	int maze2[SIZE2][SIZE2] = {

		{1,1,1,1,1,1,1,1,1,0,1,1,1,1,1,1,1,1,1,1},
		{1,1,1,1,1,1,1,1,0,0,0,1,1,1,1,1,1,1,1,1},
		{1,1,1,1,1,1,1,1,1,1,0,1,1,1,1,1,1,1,1,1},
		{1,1,1,1,1,1,1,1,1,1,0,1,1,1,1,1,1,1,1,1},
		{1,1,1,1,1,1,1,1,1,1,0,1,1,1,1,1,1,1,1,1},
		{1,1,1,1,1,1,1,1,1,1,0,1,1,1,1,1,1,1,1,1},
		{1,1,1,1,1,1,1,1,1,1,0,1,1,1,1,1,1,1,1,1},
		{1,1,1,1,1,1,1,1,1,1,0,1,1,1,1,1,1,1,1,1},
		{1,1,1,1,1,1,1,1,1,1,0,1,1,1,1,1,1,1,1,1},
		{1,1,1,1,1,1,1,1,1,1,0,1,1,1,1,1,1,1,1,1},
		{1,1,1,1,1,1,1,1,1,1,0,1,1,1,1,1,1,1,1,1},
		{1,1,1,1,1,1,1,1,1,1,0,1,1,1,1,1,1,1,1,1},
		{1,1,1,1,1,1,1,1,1,1,0,1,1,1,1,1,1,1,1,1},
		{1,1,1,1,1,1,1,1,1,1,0,1,1,1,1,1,1,1,1,1},
		{1,1,1,1,1,1,1,1,1,1,0,1,1,1,1,1,1,1,1,1},
		{1,1,1,1,1,1,1,1,1,1,0,1,1,1,1,1,1,1,1,1},
		{1,1,1,1,1,1,1,1,1,1,0,1,1,1,1,1,1,1,1,1},
		{1,1,1,1,1,1,1,1,1,1,0,1,1,1,1,1,1,1,1,1},
		{1,1,1,1,1,1,1,1,1,1,0,1,1,1,1,1,1,1,1,1},
		{1,1,1,1,1,1,1,1,1,1,0,1,1,1,1,1,1,1,1,1}
	};
	int maze3[SIZE3][SIZE3] = {

		{1,1,1,1,1,1,1,1,1,1,1,0,1,1,1,1,1,1,1,1,1,1,1,1,1,1,1,1,1,1},
		{1,1,1,1,1,1,1,1,1,1,1,0,0,1,1,1,1,1,1,1,1,1,1,1,1,1,1,1,1,1},
		{1,1,1,1,1,1,1,1,1,1,1,1,0,1,1,1,1,1,1,1,1,1,1,1,1,1,1,1,1,1},
		{1,1,1,1,1,1,1,1,1,1,1,1,0,1,1,1,1,1,1,1,1,1,1,1,1,1,1,1,1,1},
		{1,1,1,1,1,1,1,1,1,1,1,1,0,1,1,1,1,1,1,1,1,1,1,1,1,1,1,1,1,1},
		{1,1,1,1,1,1,1,1,1,0,0,0,0,1,1,1,1,1,1,1,1,1,1,1,1,1,1,1,1,1},
		{1,1,1,1,1,1,1,1,1,0,1,1,1,1,1,1,1,1,1,1,1,1,1,1,1,1,1,1,1,1},
		{1,1,1,1,1,1,1,1,1,0,0,0,0,0,0,0,0,1,1,1,1,1,1,1,1,1,1,1,1,1},
		{1,1,1,1,1,1,1,1,1,1,1,1,1,1,1,1,0,1,1,1,1,1,1,1,1,1,1,1,1,1},
		{1,1,1,1,1,1,1,1,1,1,1,1,1,1,1,1,0,1,1,1,1,1,1,1,1,1,1,1,1,1},
		{0,0,0,0,0,0,0,0,0,0,0,0,0,0,0,0,0,1,1,1,1,1,1,1,1,1,1,1,1,1},
		{1,1,1,1,1,0,1,1,1,1,1,1,1,1,1,1,0,1,1,1,1,1,1,1,1,1,1,1,1,1},
		{1,1,1,1,1,0,1,1,1,1,1,1,1,1,1,1,0,1,1,1,1,1,1,1,1,1,1,1,1,1},
		{1,1,1,1,1,0,1,1,1,1,1,1,1,1,1,1,0,1,1,1,1,1,1,1,1,1,1,1,1,1},
		{1,1,1,1,1,0,1,1,1,1,1,1,1,1,1,1,0,1,1,1,1,1,1,1,1,1,1,1,1,1},
		{1,1,1,1,1,0,1,1,1,1,1,1,1,0,0,0,0,1,1,1,1,1,1,1,1,1,1,1,1,1},
		{1,1,1,1,1,0,1,1,1,1,1,1,1,0,1,1,1,1,1,1,1,1,1,1,1,1,1,1,1,1},
		{1,1,1,1,1,0,1,1,1,1,1,1,0,0,1,1,1,1,1,1,1,1,1,1,1,1,1,1,1,1},
		{1,1,1,1,1,0,1,1,1,1,1,1,0,0,0,0,0,0,0,0,0,0,0,0,0,0,0,0,0,0},
		{1,1,1,1,1,0,1,1,1,1,1,1,1,0,1,1,1,1,1,1,1,1,1,1,1,1,1,1,1,1},
		{1,1,1,1,1,0,1,1,1,1,1,1,1,0,1,1,1,1,1,1,1,1,1,1,1,1,1,1,1,1},
		{1,1,1,1,1,0,1,1,1,1,1,1,1,0,1,1,1,1,1,1,1,1,1,1,1,1,1,1,1,1},
		{1,1,1,1,1,0,1,1,1,1,1,1,1,0,0,0,0,1,1,1,1,1,1,1,1,1,1,1,1,1},
		{1,1,1,1,1,0,1,1,1,1,1,1,1,1,1,1,0,1,1,1,1,1,1,1,1,1,1,1,1,1},
		{1,1,1,1,1,0,1,1,1,1,1,1,1,1,1,1,0,1,1,1,1,1,1,1,1,1,1,1,1,1},
		{1,1,1,1,1,0,0,0,0,0,0,0,0,0,0,0,0,1,1,1,1,1,1,1,1,1,1,1,1,1},
		{1,1,1,1,1,1,1,1,1,1,1,1,1,1,1,1,0,1,1,1,1,1,1,1,1,1,1,1,1,1},
		{1,1,1,1,1,1,1,1,1,1,1,1,1,1,1,1,0,1,1,1,1,1,1,1,1,1,1,1,1,1},
		{1,1,1,1,1,1,1,1,1,1,1,1,1,1,1,1,0,1,1,1,1,1,1,1,1,1,1,1,1,1},
		{1,1,1,1,1,1,1,1,1,1,1,1,1,1,1,1,0,1,1,1,1,1,1,1,1,1,1,1,1,1}
	};


	cout << "Программа - <Лабиринт>";
	cout << "Размер карты:" << endl;
	cout << "[1] 15 x 15" << endl;
	cout << "[2] 20 x 20" << endl;
	cout << "[3] 30 x 30" << endl;
	cout << "Выберите размер: ";
	cin >> num;

	switch (num) {

	case 1:
		for (int y = 0; y < SIZE; y++) {
			for (int x = 0; x < SIZE; x++) {
				if (maze[y][x] == 1) {
					cout << "# ";
				}
				else if (maze[y][x] == 0) {
					cout << ". ";
				}
			}
			cout << endl;
		}
		break;
		return 0;
	case 2:
		for (int y = 0; y < SIZE2; y++) {
			for (int x = 0; x < SIZE2; x++) {
				if (maze2[y][x] == 1) {
					cout << "# ";
				}
				else if (maze2[y][x] == 0) {
					cout << ". ";
				}
			}
			cout << endl;
		}
		break;
		return 0;
	case 3:
		for (int y = 0; y < SIZE3; y++) {
			for (int x = 0; x < SIZE3; x++) {
				if (maze3[y][x] == 1) {
					cout << "# ";
				}
				else if (maze3[y][x] == 0) {
					cout << ". ";
				}
			}
			cout << endl;
		}
		break;
	}


}
